LowerImageLimit = {
	1582, 1558, 1549, 1541, 1536, 1528, 1526, 1518, 1516, 1506, 1499, 1490, 1483, 1490, 1477, 1533, 1512, 1508, 1499, 1491, 1495, 1480, 1479, 1472, 1469, 1460, 1452, 1445, 1438, 1434, 1433, 1409,
	1506, 1511, 1502, 1494, 1490, 1484, 1483, 1487, 1474, 1465, 1457, 1449, 1442, 1439, 1438, 1415, 1510, 1517, 1508, 1499, 1499, 1490, 1490, 1483, 1481, 1472, 1464, 1456, 1449, 1447, 1456, 1422,
	1513, 1520, 1521, 1503, 1500, 1494, 1494, 1488, 1487, 1477, 1469, 1462, 1456, 1454, 1452, 1428, 1516, 1523, 1514, 1517, 1505, 1499, 1498, 1491, 1490, 1481, 1475, 1468, 1461, 1458, 1457, 1433,
	1519, 1526, 1517, 1511, 1510, 1502, 1502, 1495, 1495, 1485, 1479, 1472, 1475, 1463, 1461, 1438, 1522, 1539, 1520, 1513, 1511, 1504, 1504, 1498, 1497, 1488, 1481, 1475, 1469, 1466, 1465, 1442,
	1524, 1531, 1522, 1514, 1512, 1505, 1505, 1500, 1499, 1490, 1493, 1478, 1472, 1469, 1469, 1447, 1526, 1533, 1524, 1517, 1514, 1508, 1507, 1502, 1500, 1493, 1487, 1490, 1475, 1474, 1474, 1451,
	1531, 1538, 1529, 1521, 1517, 1511, 1520, 1505, 1505, 1496, 1491, 1485, 1481, 1480, 1481, 1469, 1534, 1541, 1532, 1525, 1521, 1525, 1514, 1509, 1508, 1501, 1496, 1490, 1486, 1485, 1486, 1464,
	1538, 1545, 1537, 1529, 1527, 1520, 1520, 1515, 1514, 1507, 1502, 1497, 1493, 1493, 1493, 1471, 1547, 1553, 1543, 1535, 1533, 1526, 1525, 1518, 1517, 1520, 1504, 1499, 1493, 1493, 1492, 1470,
	1418, 1442, 1442, 1442, 1445, 1446, 1452, 1454, 1459, 1459, 1460, 1463, 1465, 1472, 1479, 1473, 1427, 1451, 1448, 1448, 1451, 1451, 1457, 1458, 1462, 1462, 1462, 1463, 1466, 1471, 1478, 1472,
	1432, 1455, 1454, 1453, 1455, 1456, 1461, 1463, 1467, 1467, 1467, 1468, 1470, 1476, 1483, 1476, 1438, 1462, 1460, 1459, 1461, 1462, 1468, 1469, 1474, 1473, 1473, 1473, 1476, 1482, 1489, 1481,
	1444, 1468, 1466, 1466, 1468, 1468, 1474, 1476, 1481, 1479, 1479, 1479, 1482, 1488, 1495, 1487, 1449, 1473, 1472, 1472, 1474, 1475, 1481, 1483, 1487, 1486, 1486, 1486, 1505, 1494, 1499, 1494,
	1455, 1479, 1478, 1478, 1481, 1482, 1497, 1489, 1493, 1492, 1493, 1493, 1498, 1499, 1505, 1498, 1463, 1487, 1486, 1486, 1489, 1490, 1495, 1496, 1500, 1499, 1499, 1500, 1502, 1506, 1511, 1504,
	1471, 1494, 1493, 1493, 1496, 1497, 1502, 1505, 1508, 1508, 1507, 1507, 1509, 1514, 1519, 1511, 1481, 1504, 1502, 1502, 1505, 1505, 1511, 1514, 1517, 1517, 1515, 1515, 1517, 1522, 1527, 1519,
	1490, 1514, 1513, 1513, 1515, 1516, 1522, 1524, 1528, 1527, 1526, 1525, 1527, 1532, 1537, 1529, 1501, 1525, 1524, 1525, 1528, 1529, 1535, 1537, 1541, 1539, 1538, 1538, 1538, 1542, 1547, 1539,
	1475, 1499, 1499, 1500, 1514, 1505, 1511, 1514, 1517, 1516, 1514, 1513, 1513, 1516, 1520, 1516, 1534, 1489, 1487, 1490, 1495, 1496, 1500, 1512, 1517, 1505, 1505, 1506, 1516, 1519, 1517, 1506,
	300,  300,  300,  300,  300,  300,  300,  300,  300,  300,  300,  300,  300,  300,  300,  300,  300,  300,  300,  300,  300,  300,  300,  300,  300,  300,  300,  300,  300,  300,  300,  300,
	300,  300,  300,  300,  300,  300,  300,  300,  300,  300,  300,  300,  300,  300,  300,  300,  300,  300,  300,  300,  300,  300,  300,  300,  300,  300,  300,  300,  300,  300,  300,  300,
	300,  300,  300,  300,  300,  300,  300,  300,  300,  300,  300,  300,  300,  300,  300,  300,  300,  300,  300,  300,  300,  300,  300,  300,  300,  300,  300,  300,  300,  300,  300,  300,
	300,  300,  300,  300,  300,  300,  300,  300,  300,  300,  300,  300,  300,  300,  300,  300,  300,  300,  300,  300,  300,  300,  300,  300,  300,  300,  300,  300,  300,  300,  300,  300,
	300,  300,  300,  300,  300,  300,  300,  300,  300,  300,  300,  300,  300,  300,  300,  300,  300,  300,  300,  300,  300,  300,  300,  300,  300,  300,  300,  300,  300,  300,  300,  300,
	300,  300,  300,  300,  300,  300,  300,  300,  300,  300,  300,  300,  300,  300,  300,  300,  300,  300,  300,  300,  300,  300,  300,  300,  300,  300,  300,  300,  300,  300,  300,  300,
	300,  300,  300,  300,  300,  300,  300,  300,  300,  300,  300,  300,  300,  300,  300,  300,  300,  300,  300,  300,  300,  300,  300,  300,  300,  300,  300,  300,  300,  300,  300,  300,
	300,  300,  300,  300,  300,  300,  300,  300,  300,  300,  300,  300,  300,  300,  300,  300,  300,  300,  300,  300,  300,  300,  300,  300,  300,  300,  300,  300,  300,  300,  300,  300,
	300,  300,  300,  300,  300,  300,  300,  300,  300,  300,  300,  300,  300,  300,  300,  300,  300,  300,  300,  300,  300,  300,  300,  300,  300,  300,  300,  300,  300,  300,  300,  300,
	300,  300,  300,  300,  300,  300,  300,  300,  300,  300,  300,  300,  300,  300,  300,  300,  300,  300,  300,  300,  300,  300,  300,  300,  300,  300,  300,  300,  300,  300,  300,  300,
	300,  300,  300,  300,  300,  300,  300,  300,  300,  300,  300,  300,  300,  300,  300,  300,  300,  300,  300,  300,  300,  300,  300,  300,  300,  300,  300,  300,  300,  300,  300,  300,
	300,  300,  300,  300,  300,  300,  300,  300,  300,  300,  300,  300,  300,  300,  300,  300,  300,  300,  300,  300,  300,  300,  300,  300,  300,  300,  300,  300,  300,  300,  300,  300,
	300,  300,  300,  300,  300,  300,  300,  300,  300,  300,  300,  300,  300,  300,  300,  300,  300,  300,  300,  300,  300,  300,  300,  300,  300,  300,  300,  300,  300,  300,  300,  300,
	300,  300,  300,  300,  300,  300,  300,  300,  300,  300,  300,  300,  300,  300,  300,  300,  300,  300,  300,  300,  300,  300,  300,  300,  300,  300,  300,  300,  300,  300,  300,  300,
	300,  300,  300,  300,  300,  300,  300,  300,  300,  300,  300,  300,  300,  300,  300,  300,  300,  300,  300,  300,  300,  300,  300,  300,  300,  300,  300,  300,  300,  300,  300,  300,
	300,  300,  300,  300,  300,  300,  300,  300,  300,  300,  300,  300,  300,  300,  300,  300,  300,  300,  300,  300,  300,  300,  300,  300,  300,  300,  300,  300,  300,  300,  300,  300,
	300,  300,  300,  300,  300,  300,  300,  300,  300,  300,  300,  300,  300,  300,  300,  300,  300,  300,  300,  300,  300,  300,  300,  300,  300,  300,  300,  300,  300,  300,  300,  300,
	300,  300,  300,  300,  300,  300,  300,  300,  300,  300,  300,  300,  300,  300,  300,  300,  300,  300,  300,  300,  300,  300,  300,  300,  300,  300,  300,  300,  300,  300,  300,  300,
}
UpperImageLimit = {
	2636, 2596, 2581, 2568, 2560, 2546, 2544, 2530, 2526, 2510, 2498, 2484, 2471, 2483, 2461, 2555, 2520, 2514, 2499, 2485, 2491, 2466, 2465, 2453, 2449, 2433, 2420, 2408, 2396, 2390, 2388, 2348,
	2510, 2519, 2504, 2490, 2484, 2473, 2471, 2478, 2456, 2441, 2429, 2415, 2404, 2399, 2396, 2358, 2516, 2528, 2513, 2499, 2499, 2483, 2483, 2471, 2469, 2453, 2440, 2426, 2415, 2411, 2426, 2370,
	2521, 2534, 2535, 2505, 2500, 2490, 2490, 2480, 2478, 2461, 2449, 2436, 2426, 2423, 2420, 2380, 2526, 2538, 2523, 2528, 2509, 2498, 2496, 2485, 2484, 2469, 2458, 2446, 2435, 2430, 2428, 2389,
	2531, 2544, 2529, 2518, 2516, 2504, 2504, 2491, 2491, 2475, 2465, 2454, 2459, 2438, 2435, 2396, 2536, 2565, 2533, 2521, 2518, 2506, 2506, 2496, 2495, 2480, 2469, 2458, 2448, 2444, 2441, 2404,
	2540, 2551, 2536, 2524, 2520, 2509, 2509, 2500, 2498, 2484, 2489, 2463, 2453, 2449, 2449, 2411, 2544, 2555, 2540, 2528, 2523, 2513, 2511, 2503, 2500, 2488, 2478, 2483, 2459, 2456, 2456, 2419,
	2551, 2563, 2548, 2535, 2529, 2519, 2533, 2509, 2508, 2494, 2485, 2475, 2468, 2466, 2468, 2448, 2556, 2569, 2553, 2541, 2535, 2541, 2524, 2515, 2514, 2501, 2493, 2483, 2476, 2475, 2476, 2440,
	2564, 2575, 2561, 2549, 2545, 2534, 2534, 2525, 2523, 2511, 2503, 2495, 2488, 2488, 2488, 2451, 2578, 2588, 2571, 2559, 2555, 2543, 2541, 2530, 2528, 2533, 2506, 2498, 2489, 2488, 2486, 2450,
	2364, 2404, 2403, 2403, 2409, 2410, 2420, 2424, 2431, 2431, 2434, 2438, 2441, 2453, 2465, 2455, 2379, 2418, 2414, 2413, 2418, 2418, 2428, 2430, 2436, 2436, 2436, 2438, 2443, 2451, 2464, 2453,
	2386, 2425, 2423, 2421, 2425, 2426, 2435, 2439, 2445, 2445, 2445, 2446, 2450, 2460, 2471, 2460, 2396, 2436, 2433, 2431, 2435, 2436, 2446, 2449, 2456, 2455, 2455, 2455, 2460, 2470, 2481, 2469,
	2406, 2446, 2444, 2443, 2446, 2446, 2456, 2460, 2468, 2465, 2465, 2465, 2470, 2480, 2491, 2479, 2415, 2455, 2454, 2453, 2456, 2458, 2468, 2471, 2479, 2476, 2476, 2476, 2509, 2490, 2499, 2490,
	2425, 2465, 2464, 2464, 2469, 2470, 2495, 2481, 2488, 2486, 2488, 2488, 2496, 2499, 2508, 2496, 2438, 2478, 2476, 2476, 2481, 2483, 2491, 2494, 2500, 2499, 2499, 2500, 2503, 2510, 2519, 2506,
	2451, 2490, 2489, 2489, 2493, 2495, 2504, 2508, 2514, 2513, 2511, 2511, 2515, 2523, 2531, 2518, 2468, 2506, 2504, 2504, 2508, 2509, 2519, 2523, 2529, 2528, 2525, 2525, 2528, 2536, 2545, 2531,
	2483, 2523, 2521, 2521, 2525, 2526, 2536, 2540, 2546, 2545, 2543, 2541, 2545, 2553, 2561, 2548, 2501, 2541, 2540, 2541, 2546, 2548, 2558, 2561, 2568, 2565, 2564, 2563, 2564, 2570, 2579, 2565,
	2458, 2499, 2499, 2500, 2523, 2509, 2519, 2523, 2529, 2526, 2523, 2521, 2521, 2526, 2533, 2526, 2556, 2481, 2479, 2483, 2491, 2493, 2500, 2520, 2528, 2509, 2508, 2510, 2526, 2531, 2528, 2510,
	5500, 5500, 5500, 5500, 5500, 5500, 5500, 5500, 5500, 5500, 5500, 5500, 5500, 5500, 5500, 5500, 5500, 5500, 5500, 5500, 5500, 5500, 5500, 5500, 5500, 5500, 5500, 5500, 5500, 5500, 5500, 5500,
	5500, 5500, 5500, 5500, 5500, 5500, 5500, 5500, 5500, 5500, 5500, 5500, 5500, 5500, 5500, 5500, 5500, 5500, 5500, 5500, 5500, 5500, 5500, 5500, 5500, 5500, 5500, 5500, 5500, 5500, 5500, 5500,
	5500, 5500, 5500, 5500, 5500, 5500, 5500, 5500, 5500, 5500, 5500, 5500, 5500, 5500, 5500, 5500, 5500, 5500, 5500, 5500, 5500, 5500, 5500, 5500, 5500, 5500, 5500, 5500, 5500, 5500, 5500, 5500,
	5500, 5500, 5500, 5500, 5500, 5500, 5500, 5500, 5500, 5500, 5500, 5500, 5500, 5500, 5500, 5500, 5500, 5500, 5500, 5500, 5500, 5500, 5500, 5500, 5500, 5500, 5500, 5500, 5500, 5500, 5500, 5500,
	5500, 5500, 5500, 5500, 5500, 5500, 5500, 5500, 5500, 5500, 5500, 5500, 5500, 5500, 5500, 5500, 5500, 5500, 5500, 5500, 5500, 5500, 5500, 5500, 5500, 5500, 5500, 5500, 5500, 5500, 5500, 5500,
	5500, 5500, 5500, 5500, 5500, 5500, 5500, 5500, 5500, 5500, 5500, 5500, 5500, 5500, 5500, 5500, 5500, 5500, 5500, 5500, 5500, 5500, 5500, 5500, 5500, 5500, 5500, 5500, 5500, 5500, 5500, 5500,
	5500, 5500, 5500, 5500, 5500, 5500, 5500, 5500, 5500, 5500, 5500, 5500, 5500, 5500, 5500, 5500, 5500, 5500, 5500, 5500, 5500, 5500, 5500, 5500, 5500, 5500, 5500, 5500, 5500, 5500, 5500, 5500,
	5500, 5500, 5500, 5500, 5500, 5500, 5500, 5500, 5500, 5500, 5500, 5500, 5500, 5500, 5500, 5500, 5500, 5500, 5500, 5500, 5500, 5500, 5500, 5500, 5500, 5500, 5500, 5500, 5500, 5500, 5500, 5500,
	5500, 5500, 5500, 5500, 5500, 5500, 5500, 5500, 5500, 5500, 5500, 5500, 5500, 5500, 5500, 5500, 5500, 5500, 5500, 5500, 5500, 5500, 5500, 5500, 5500, 5500, 5500, 5500, 5500, 5500, 5500, 5500,
	5500, 5500, 5500, 5500, 5500, 5500, 5500, 5500, 5500, 5500, 5500, 5500, 5500, 5500, 5500, 5500, 5500, 5500, 5500, 5500, 5500, 5500, 5500, 5500, 5500, 5500, 5500, 5500, 5500, 5500, 5500, 5500,
	5500, 5500, 5500, 5500, 5500, 5500, 5500, 5500, 5500, 5500, 5500, 5500, 5500, 5500, 5500, 5500, 5500, 5500, 5500, 5500, 5500, 5500, 5500, 5500, 5500, 5500, 5500, 5500, 5500, 5500, 5500, 5500,
	5500, 5500, 5500, 5500, 5500, 5500, 5500, 5500, 5500, 5500, 5500, 5500, 5500, 5500, 5500, 5500, 5500, 5500, 5500, 5500, 5500, 5500, 5500, 5500, 5500, 5500, 5500, 5500, 5500, 5500, 5500, 5500,
	5500, 5500, 5500, 5500, 5500, 5500, 5500, 5500, 5500, 5500, 5500, 5500, 5500, 5500, 5500, 5500, 5500, 5500, 5500, 5500, 5500, 5500, 5500, 5500, 5500, 5500, 5500, 5500, 5500, 5500, 5500, 5500,
	5500, 5500, 5500, 5500, 5500, 5500, 5500, 5500, 5500, 5500, 5500, 5500, 5500, 5500, 5500, 5500, 5500, 5500, 5500, 5500, 5500, 5500, 5500, 5500, 5500, 5500, 5500, 5500, 5500, 5500, 5500, 5500,
	5500, 5500, 5500, 5500, 5500, 5500, 5500, 5500, 5500, 5500, 5500, 5500, 5500, 5500, 5500, 5500, 5500, 5500, 5500, 5500, 5500, 5500, 5500, 5500, 5500, 5500, 5500, 5500, 5500, 5500, 5500, 5500,
	5500, 5500, 5500, 5500, 5500, 5500, 5500, 5500, 5500, 5500, 5500, 5500, 5500, 5500, 5500, 5500, 5500, 5500, 5500, 5500, 5500, 5500, 5500, 5500, 5500, 5500, 5500, 5500, 5500, 5500, 5500, 5500,
	5500, 5500, 5500, 5500, 5500, 5500, 5500, 5500, 5500, 5500, 5500, 5500, 5500, 5500, 5500, 5500, 5500, 5500, 5500, 5500, 5500, 5500, 5500, 5500, 5500, 5500, 5500, 5500, 5500, 5500, 5500, 5500,
	5500, 5500, 5500, 5500, 5500, 5500, 5500, 5500, 5500, 5500, 5500, 5500, 5500, 5500, 5500, 5500, 5500, 5500, 5500, 5500, 5500, 5500, 5500, 5500, 5500, 5500, 5500, 5500, 5500, 5500, 5500, 5500,
}

LowerImageLimitSuntel = {
	1543,  1505,  1500,  1494,  1491,  1483,  1479,  1473,  1473,  1466,  1466,  1464,  1460,  1469,  1456,  1527,  1501,  1471,  1467,  1462,  1464,  1451,  1450,  1444,  1444,  1439,  1437,  1435,  1432,  1431,  1428,  1431,
	1492,  1472,  1467,  1464,  1459,  1452,  1450,  1453,  1444,  1438,  1438,  1435,  1431,  1429,  1427,  1431,  1496,  1475,  1470,  1466,  1465,  1455,  1454,  1447,  1448,  1442,  1442,  1439,  1436,  1434,  1441,  1436,
	1494,  1475,  1479,  1465,  1462,  1454,  1453,  1446,  1448,  1441,  1441,  1438,  1435,  1433,  1431,  1435,  1496,  1476,  1472,  1476,  1465,  1457,  1456,  1449,  1451,  1445,  1445,  1441,  1438,  1436,  1434,  1438,
	1494,  1475,  1469,  1464,  1464,  1454,  1454,  1447,  1450,  1443,  1443,  1440,  1447,  1436,  1433,  1438,  1498,  1488,  1474,  1468,  1467,  1459,  1457,  1451,  1454,  1448,  1447,  1445,  1441,  1440,  1437,  1440,
	1499,  1479,  1474,  1470,  1467,  1459,  1458,  1452,  1455,  1448,  1458,  1446,  1442,  1440,  1438,  1442,  1498,  1479,  1473,  1469,  1467,  1459,  1457,  1452,  1454,  1448,  1448,  1456,  1443,  1441,  1439,  1443,
	1503,  1484,  1479,  1474,  1473,  1464,  1470,  1457,  1458,  1453,  1454,  1451,  1448,  1447,  1445,  1459,  1501,  1482,  1477,  1473,  1471,  1473,  1462,  1456,  1457,  1452,  1453,  1451,  1448,  1447,  1446,  1450,
	1504,  1485,  1480,  1476,  1475,  1467,  1465,  1460,  1460,  1455,  1456,  1454,  1452,  1451,  1450,  1454,  1507,  1488,  1483,  1479,  1478,  1469,  1467,  1461,  1462,  1465,  1457,  1455,  1452,  1450,  1448,  1453,
	1389,  1385,  1386,  1387,  1389,  1386,  1388,  1387,  1392,  1391,  1396,  1400,  1402,  1406,  1408,  1427,  1395,  1392,  1392,  1394,  1395,  1391,  1393,  1392,  1397,  1396,  1400,  1403,  1405,  1407,  1409,  1429,
	1396,  1393,  1393,  1393,  1395,  1391,  1394,  1392,  1397,  1396,  1401,  1404,  1405,  1408,  1410,  1428,  1397,  1393,  1394,  1395,  1397,  1392,  1395,  1394,  1399,  1398,  1403,  1406,  1408,  1411,  1412,  1430,
	1399,  1396,  1397,  1397,  1399,  1396,  1399,  1397,  1403,  1402,  1406,  1409,  1410,  1414,  1415,  1433,  1400,  1397,  1398,  1399,  1400,  1397,  1400,  1399,  1403,  1403,  1407,  1410,  1427,  1415,  1416,  1436,
	1404,  1401,  1402,  1403,  1405,  1400,  1413,  1402,  1407,  1407,  1411,  1413,  1418,  1418,  1419,  1437,  1406,  1403,  1405,  1405,  1408,  1404,  1407,  1405,  1410,  1410,  1414,  1416,  1418,  1421,  1423,  1441,
	1410,  1408,  1410,  1410,  1412,  1408,  1411,  1411,  1415,  1413,  1418,  1421,  1422,  1425,  1426,  1443,  1416,  1413,  1415,  1416,  1418,  1414,  1417,  1416,  1420,  1419,  1424,  1426,  1428,  1430,  1430,  1447,
	1418,  1417,  1419,  1419,  1421,  1418,  1420,  1419,  1423,  1422,  1428,  1430,  1431,  1433,  1434,  1450,  1422,  1421,  1423,  1424,  1426,  1422,  1426,  1424,  1428,  1428,  1432,  1434,  1434,  1436,  1439,  1453,
	1427,  1426,  1429,  1430,  1441,  1429,  1433,  1431,  1436,  1434,  1438,  1439,  1440,  1441,  1441,  1461,  1415,  1380,  1379,  1379,  1378,  1372,  1375,  1387,  1393,  1378,  1383,  1388,  1399,  1401,  1395,  1373,
	1000,  1000,  1000,  1000,  1000,  1000,  1000,  1000,  1000,  1000,  1000,  1000,  1000,  1000,  1000,  1000,  1000,  1000,  1000,  1000,  1000,  1000,  1000,  1000,  1000,  1000,  1000,  1000,  1000,  1000,  1000,  1000,
	1000,  1000,  1000,  1000,  1000,  1000,  1000,  1000,  1000,  1000,  1000,  1000,  1000,  1000,  1000,  1000,  1000,  1000,  1000,  1000,  1000,  1000,  1000,  1000,  1000,  1000,  1000,  1000,  1000,  1000,  1000,  1000,
	1000,  1000,  1000,  1000,  1000,  1000,  1000,  1000,  1000,  1000,  1000,  1000,  1000,  1000,  1000,  1000,  1000,  1000,  1000,  1000,  1000,  1000,  1000,  1000,  1000,  1000,  1000,  1000,  1000,  1000,  1000,  1000,
	1000,  1000,  1000,  1000,  1000,  1000,  1000,  1000,  1000,  1000,  1000,  1000,  1000,  1000,  1000,  1000,  1000,  1000,  1000,  1000,  1000,  1000,  1000,  1000,  1000,  1000,  1000,  1000,  1000,  1000,  1000,  1000,
	1000,  1000,  1000,  1000,  1000,  1000,  1000,  1000,  1000,  1000,  1000,  1000,  1000,  1000,  1000,  1000,  1000,  1000,  1000,  1000,  1000,  1000,  1000,  1000,  1000,  1000,  1000,  1000,  1000,  1000,  1000,  1000,
	1000,  1000,  1000,  1000,  1000,  1000,  1000,  1000,  1000,  1000,  1000,  1000,  1000,  1000,  1000,  1000,  1000,  1000,  1000,  1000,  1000,  1000,  1000,  1000,  1000,  1000,  1000,  1000,  1000,  1000,  1000,  1000,
	1000,  1000,  1000,  1000,  1000,  1000,  1000,  1000,  1000,  1000,  1000,  1000,  1000,  1000,  1000,  1000,  1000,  1000,  1000,  1000,  1000,  1000,  1000,  1000,  1000,  1000,  1000,  1000,  1000,  1000,  1000,  1000,
	1000,  1000,  1000,  1000,  1000,  1000,  1000,  1000,  1000,  1000,  1000,  1000,  1000,  1000,  1000,  1000,  1000,  1000,  1000,  1000,  1000,  1000,  1000,  1000,  1000,  1000,  1000,  1000,  1000,  1000,  1000,  1000,
	1000,  1000,  1000,  1000,  1000,  1000,  1000,  1000,  1000,  1000,  1000,  1000,  1000,  1000,  1000,  1000,  1000,  1000,  1000,  1000,  1000,  1000,  1000,  1000,  1000,  1000,  1000,  1000,  1000,  1000,  1000,  1000,
	1000,  1000,  1000,  1000,  1000,  1000,  1000,  1000,  1000,  1000,  1000,  1000,  1000,  1000,  1000,  1000,  1000,  1000,  1000,  1000,  1000,  1000,  1000,  1000,  1000,  1000,  1000,  1000,  1000,  1000,  1000,  1000,
	1000,  1000,  1000,  1000,  1000,  1000,  1000,  1000,  1000,  1000,  1000,  1000,  1000,  1000,  1000,  1000,  1000,  1000,  1000,  1000,  1000,  1000,  1000,  1000,  1000,  1000,  1000,  1000,  1000,  1000,  1000,  1000,
	1000,  1000,  1000,  1000,  1000,  1000,  1000,  1000,  1000,  1000,  1000,  1000,  1000,  1000,  1000,  1000,  1000,  1000,  1000,  1000,  1000,  1000,  1000,  1000,  1000,  1000,  1000,  1000,  1000,  1000,  1000,  1000,
	1000,  1000,  1000,  1000,  1000,  1000,  1000,  1000,  1000,  1000,  1000,  1000,  1000,  1000,  1000,  1000,  1000,  1000,  1000,  1000,  1000,  1000,  1000,  1000,  1000,  1000,  1000,  1000,  1000,  1000,  1000,  1000,
	1000,  1000,  1000,  1000,  1000,  1000,  1000,  1000,  1000,  1000,  1000,  1000,  1000,  1000,  1000,  1000,  1000,  1000,  1000,  1000,  1000,  1000,  1000,  1000,  1000,  1000,  1000,  1000,  1000,  1000,  1000,  1000,
	1000,  1000,  1000,  1000,  1000,  1000,  1000,  1000,  1000,  1000,  1000,  1000,  1000,  1000,  1000,  1000,  1000,  1000,  1000,  1000,  1000,  1000,  1000,  1000,  1000,  1000,  1000,  1000,  1000,  1000,  1000,  1000,
	1000,  1000,  1000,  1000,  1000,  1000,  1000,  1000,  1000,  1000,  1000,  1000,  1000,  1000,  1000,  1000,  1000,  1000,  1000,  1000,  1000,  1000,  1000,  1000,  1000,  1000,  1000,  1000,  1000,  1000,  1000,  1000,
	1000,  1000,  1000,  1000,  1000,  1000,  1000,  1000,  1000,  1000,  1000,  1000,  1000,  1000,  1000,  1000,  1000,  1000,  1000,  1000,  1000,  1000,  1000,  1000,  1000,  1000,  1000,  1000,  1000,  1000,  1000,  1000,
	1000,  1000,  1000,  1000,  1000,  1000,  1000,  1000,  1000,  1000,  1000,  1000,  1000,  1000,  1000,  1000,  1000,  1000,  1000,  1000,  1000,  1000,  1000,  1000,  1000,  1000,  1000,  1000,  1000,  1000,  1000,  1000,
	}

UpperImageLimitSuntel = {
	2572, 2508, 2500, 2491, 2486, 2472, 2466, 2455, 2456, 2444, 2443, 2440, 2434, 2449, 2428, 2546, 2501, 2452, 2445, 2437, 2441, 2419, 2417, 2407, 2407, 2398, 2396, 2392, 2388, 2385, 2380, 2385,
	2486, 2453, 2446, 2441, 2432, 2420, 2416, 2422, 2407, 2397, 2396, 2392, 2386, 2383, 2379, 2385, 2494, 2459, 2451, 2443, 2443, 2426, 2423, 2411, 2414, 2404, 2403, 2398, 2393, 2390, 2401, 2393,
	2491, 2459, 2465, 2441, 2436, 2424, 2422, 2411, 2413, 2403, 2402, 2397, 2392, 2389, 2385, 2392, 2494, 2461, 2454, 2460, 2442, 2428, 2426, 2415, 2418, 2408, 2408, 2403, 2397, 2394, 2390, 2397,
	2491, 2459, 2449, 2441, 2440, 2424, 2423, 2413, 2417, 2406, 2405, 2401, 2412, 2393, 2388, 2397, 2497, 2481, 2457, 2447, 2445, 2432, 2429, 2419, 2424, 2413, 2412, 2408, 2401, 2400, 2395, 2401,
	2498, 2466, 2457, 2450, 2446, 2432, 2431, 2421, 2425, 2414, 2431, 2410, 2404, 2401, 2398, 2404, 2496, 2465, 2456, 2448, 2445, 2432, 2429, 2420, 2423, 2413, 2414, 2426, 2405, 2403, 2399, 2406,
	2506, 2473, 2465, 2457, 2455, 2441, 2450, 2429, 2431, 2422, 2424, 2419, 2414, 2413, 2408, 2433, 2503, 2470, 2462, 2455, 2452, 2455, 2437, 2428, 2429, 2420, 2422, 2419, 2414, 2412, 2410, 2417,
	2507, 2476, 2467, 2461, 2459, 2445, 2442, 2434, 2434, 2426, 2428, 2424, 2421, 2419, 2416, 2424, 2513, 2481, 2472, 2466, 2464, 2449, 2446, 2436, 2436, 2442, 2428, 2425, 2421, 2417, 2414, 2422,
	2315, 2309, 2310, 2313, 2316, 2310, 2313, 2311, 2320, 2319, 2327, 2334, 2338, 2343, 2348, 2379, 2326, 2321, 2321, 2323, 2326, 2319, 2322, 2320, 2329, 2327, 2334, 2339, 2341, 2345, 2349, 2382,
	2327, 2321, 2322, 2323, 2325, 2318, 2324, 2320, 2329, 2327, 2336, 2341, 2342, 2347, 2351, 2381, 2329, 2323, 2324, 2326, 2328, 2320, 2325, 2323, 2332, 2331, 2338, 2344, 2347, 2351, 2354, 2384,
	2332, 2327, 2328, 2329, 2333, 2327, 2332, 2329, 2338, 2337, 2344, 2348, 2351, 2357, 2359, 2389, 2333, 2329, 2330, 2331, 2334, 2329, 2334, 2332, 2338, 2339, 2346, 2351, 2379, 2358, 2361, 2394,
	2340, 2335, 2337, 2338, 2342, 2334, 2356, 2337, 2345, 2345, 2352, 2356, 2363, 2363, 2366, 2395, 2344, 2339, 2342, 2343, 2347, 2341, 2345, 2342, 2351, 2350, 2357, 2361, 2364, 2369, 2371, 2401,
	2350, 2347, 2350, 2351, 2354, 2347, 2353, 2351, 2358, 2355, 2364, 2369, 2371, 2375, 2377, 2406, 2360, 2356, 2359, 2360, 2364, 2358, 2362, 2360, 2367, 2366, 2373, 2378, 2380, 2383, 2384, 2412,
	2364, 2361, 2365, 2366, 2369, 2363, 2368, 2366, 2373, 2371, 2381, 2383, 2386, 2389, 2390, 2417, 2370, 2368, 2372, 2374, 2378, 2370, 2376, 2374, 2381, 2380, 2388, 2390, 2391, 2394, 2399, 2421,
	2379, 2378, 2382, 2383, 2402, 2382, 2388, 2386, 2393, 2391, 2396, 2399, 2400, 2402, 2402, 2435, 2359, 2301, 2298, 2299, 2297, 2286, 2291, 2312, 2323, 2297, 2305, 2314, 2333, 2335, 2326, 2289,
	5500, 5500, 5500, 5500, 5500, 5500, 5500, 5500, 5500, 5500, 5500, 5500, 5500, 5500, 5500, 5500, 5500, 5500, 5500, 5500, 5500, 5500, 5500, 5500, 5500, 5500, 5500, 5500, 5500, 5500, 5500, 5500,
	5500, 5500, 5500, 5500, 5500, 5500, 5500, 5500, 5500, 5500, 5500, 5500, 5500, 5500, 5500, 5500, 5500, 5500, 5500, 5500, 5500, 5500, 5500, 5500, 5500, 5500, 5500, 5500, 5500, 5500, 5500, 5500,
	5500, 5500, 5500, 5500, 5500, 5500, 5500, 5500, 5500, 5500, 5500, 5500, 5500, 5500, 5500, 5500, 5500, 5500, 5500, 5500, 5500, 5500, 5500, 5500, 5500, 5500, 5500, 5500, 5500, 5500, 5500, 5500,
	5500, 5500, 5500, 5500, 5500, 5500, 5500, 5500, 5500, 5500, 5500, 5500, 5500, 5500, 5500, 5500, 5500, 5500, 5500, 5500, 5500, 5500, 5500, 5500, 5500, 5500, 5500, 5500, 5500, 5500, 5500, 5500,
	5500, 5500, 5500, 5500, 5500, 5500, 5500, 5500, 5500, 5500, 5500, 5500, 5500, 5500, 5500, 5500, 5500, 5500, 5500, 5500, 5500, 5500, 5500, 5500, 5500, 5500, 5500, 5500, 5500, 5500, 5500, 5500,
	5500, 5500, 5500, 5500, 5500, 5500, 5500, 5500, 5500, 5500, 5500, 5500, 5500, 5500, 5500, 5500, 5500, 5500, 5500, 5500, 5500, 5500, 5500, 5500, 5500, 5500, 5500, 5500, 5500, 5500, 5500, 5500,
	5500, 5500, 5500, 5500, 5500, 5500, 5500, 5500, 5500, 5500, 5500, 5500, 5500, 5500, 5500, 5500, 5500, 5500, 5500, 5500, 5500, 5500, 5500, 5500, 5500, 5500, 5500, 5500, 5500, 5500, 5500, 5500,
	5500, 5500, 5500, 5500, 5500, 5500, 5500, 5500, 5500, 5500, 5500, 5500, 5500, 5500, 5500, 5500, 5500, 5500, 5500, 5500, 5500, 5500, 5500, 5500, 5500, 5500, 5500, 5500, 5500, 5500, 5500, 5500,
	5500, 5500, 5500, 5500, 5500, 5500, 5500, 5500, 5500, 5500, 5500, 5500, 5500, 5500, 5500, 5500, 5500, 5500, 5500, 5500, 5500, 5500, 5500, 5500, 5500, 5500, 5500, 5500, 5500, 5500, 5500, 5500,
	5500, 5500, 5500, 5500, 5500, 5500, 5500, 5500, 5500, 5500, 5500, 5500, 5500, 5500, 5500, 5500, 5500, 5500, 5500, 5500, 5500, 5500, 5500, 5500, 5500, 5500, 5500, 5500, 5500, 5500, 5500, 5500,
	5500, 5500, 5500, 5500, 5500, 5500, 5500, 5500, 5500, 5500, 5500, 5500, 5500, 5500, 5500, 5500, 5500, 5500, 5500, 5500, 5500, 5500, 5500, 5500, 5500, 5500, 5500, 5500, 5500, 5500, 5500, 5500,
	5500, 5500, 5500, 5500, 5500, 5500, 5500, 5500, 5500, 5500, 5500, 5500, 5500, 5500, 5500, 5500, 5500, 5500, 5500, 5500, 5500, 5500, 5500, 5500, 5500, 5500, 5500, 5500, 5500, 5500, 5500, 5500,
	5500, 5500, 5500, 5500, 5500, 5500, 5500, 5500, 5500, 5500, 5500, 5500, 5500, 5500, 5500, 5500, 5500, 5500, 5500, 5500, 5500, 5500, 5500, 5500, 5500, 5500, 5500, 5500, 5500, 5500, 5500, 5500,
	5500, 5500, 5500, 5500, 5500, 5500, 5500, 5500, 5500, 5500, 5500, 5500, 5500, 5500, 5500, 5500, 5500, 5500, 5500, 5500, 5500, 5500, 5500, 5500, 5500, 5500, 5500, 5500, 5500, 5500, 5500, 5500,
	5500, 5500, 5500, 5500, 5500, 5500, 5500, 5500, 5500, 5500, 5500, 5500, 5500, 5500, 5500, 5500, 5500, 5500, 5500, 5500, 5500, 5500, 5500, 5500, 5500, 5500, 5500, 5500, 5500, 5500, 5500, 5500,
	5500, 5500, 5500, 5500, 5500, 5500, 5500, 5500, 5500, 5500, 5500, 5500, 5500, 5500, 5500, 5500, 5500, 5500, 5500, 5500, 5500, 5500, 5500, 5500, 5500, 5500, 5500, 5500, 5500, 5500, 5500, 5500,
	5500, 5500, 5500, 5500, 5500, 5500, 5500, 5500, 5500, 5500, 5500, 5500, 5500, 5500, 5500, 5500, 5500, 5500, 5500, 5500, 5500, 5500, 5500, 5500, 5500, 5500, 5500, 5500, 5500, 5500, 5500, 5500,
	5500, 5500, 5500, 5500, 5500, 5500, 5500, 5500, 5500, 5500, 5500, 5500, 5500, 5500, 5500, 5500, 5500, 5500, 5500, 5500, 5500, 5500, 5500, 5500, 5500, 5500, 5500, 5500, 5500, 5500, 5500, 5500,
}

